obstacles:
  - box:
      dim: [0.204683, 0.204683, 0.204683]
      trans: [-0.00977765, -0.000628121, 0.235005]
      rot: [0, 0, 0, 0]
  - box:
      dim: [0.429256, 0.429256, 0.429256]
      trans: [-0.0308982, 0.141869, 0.266999]
      rot: [0, 0, 0, 0]
  - box:
      dim: [0.27721, 0.27721, 0.27721]
      trans: [-0.0308314, 0.359578, 0.195958]
      rot: [0, 0, 0, 0]
  - box:
      dim: [0.251711, 0.251711, 0.251711]
      trans: [0.023087, 0.535348, 0.0758712]
      rot: [0, 0, 0, 0]
  - box:
      dim: [0.184867, 0.184867, 0.184867]
      trans: [-0.010288, 0.617585, 0.0414071]
      rot: [0, 0, 0, 0]
  - box:
      dim: [0.094104, 0.0941039, 0.094104]
      trans: [-0.00660601, 0.693188, 0.020123]
      rot: [0, 0, 0, 0]

robot:
  type: "xARM6"
  urdf: "data/xarm6/xarm6.urdf"
  space: "RealVectorSpace"
  dimensions: 6
  start: [1.5708, 1.5708, -2.3562, 0, 0, 0]
  goal: [-1.5708, 0, -2.3562, 0, 0, 0]
